Execution Time: 0.01 sec

Solution: 3 5 6 10 11 13 16 20 24 25 30 31 34 37 39 41 42 45 46 49 50 51 52 56 57 61 62 65 66 67 68 70 76 78 80 82 85 90 94 98 0 
Distance: 0.00
Execution Time: 0.01 sec

Solution: 0 1 3 6 9 10 11 12 16 21 22 23 24 32 34 36 37 38 40 43 44 45 46 47 53 54 55 59 64 65 66 70 76 77 78 80 83 94 95 98 0 
Distance: 0.00
Execution Time: 0.01 sec

Solution: 2 3 4 6 7 8 10 12 15 16 17 19 20 26 29 34 40 46 48 50 53 54 58 59 60 62 68 69 71 73 78 83 87 88 90 91 92 95 97 98 0 
Distance: 0.00
Execution Time: 0.01 sec

Solution: 3 4 8 9 14 15 17 23 24 26 33 34 35 37 38 41 43 44 46 47 49 51 56 58 60 61 63 64 67 68 74 78 79 89 92 93 94 96 97 99 0 
Distance: 0.00
Execution Time: 0.01 sec

Solution: 0 4 14 15 21 24 27 31 34 35 36 38 39 43 45 46 48 51 53 59 60 61 63 65 66 67 68 72 73 74 80 81 84 85 88 91 94 97 98 99 
Distance: 0.00
Execution Time: 0.02 sec

Solution: 1 2 4 9 10 12 13 14 15 16 17 20 21 23 27 28 29 34 40 43 45 50 52 58 61 62 63 67 69 71 74 75 76 79 83 88 90 92 98 99 
Distance: 42168.60
